a: -654.0646998354819
b: 0.0
c: 1005.5156908189939
c1: -0.0026141865004106284
c2: 0.009517957578822456
c3: 1.1112806953579155
c4: -12.844649669186687
camera_index: 0
focal_length: 635.27
signal_c: 24.34193639411973
signal_cb: 43.4403228253426
signal_m: 0.00017784342841017394
signal_mb: -326.04390603644526
tray_roi:
- 0
- 260
- 30
- 350
