a: -614.9409130281381
b: 2182.7706774211924
c: -1836.1574632223287
camera_index: 2
focal_length: 846.3
signal_c: 24.34193639411973
signal_cb: 43.4403228253426
signal_m: 0.00017784342841017394
signal_mb: -326.04390603644526
tray_roi:
- 100
- 300
- 200
- 400
