camera_matrix:
- - 577.5315872707095
  - 0.0
  - 304.4905575993171
- - 0.0
  - 589.3637359322488
  - 200.0045364162951
- - 0.0
  - 0.0
  - 1.0
dist_coeffs:
- - -2.365057553688296
  - 7.990114876808568
  - 0.03675598923053604
  - 0.10616267710973343
  - -8.340512176928488
img_shape:
- 640
- 480
is_fisheye_model: false
